&x[0][0]=1ea8a320 	 &y[0][0] =1ea76aa0 &z[0][0]=1ea63220 
16384 	 1 	 16 	 100 	 0.102781 	 0.154171  
16384 	 1 	 16 	 100 	 0.069645 	 0.123801  
16384 	 1 	 16 	 100 	 0.048375 	 0.091855  
16384 	 1 	 16 	 100 	 0.044164 	 0.086535  
16384 	 1 	 16 	 100 	 0.180126 	 0.360215  
16384 	 1 	 16 	 100 	 0.288469 	 0.582708  
16384 	 2 	 16 	 100 	 0.096719 	 0.145078  
16384 	 2 	 16 	 100 	 0.054544 	 0.096958  
16384 	 2 	 16 	 100 	 0.037514 	 0.071232  
16384 	 2 	 16 	 100 	 0.029027 	 0.056876  
16384 	 2 	 16 	 100 	 0.174342 	 0.348649  
16384 	 2 	 16 	 100 	 0.252475 	 0.510000  
16384 	 4 	 16 	 100 	 0.089167 	 0.133750  
16384 	 4 	 16 	 100 	 0.046419 	 0.082514  
16384 	 4 	 16 	 100 	 0.038301 	 0.072726  
16384 	 4 	 16 	 100 	 0.024658 	 0.048314  
16384 	 4 	 16 	 100 	 0.182957 	 0.365877  
16384 	 4 	 16 	 100 	 0.252475 	 0.510000  
16384 	 1 	 32 	 100 	 0.052041 	 0.078062  
16384 	 1 	 32 	 100 	 0.036330 	 0.064580  
16384 	 1 	 32 	 100 	 0.027495 	 0.052208  
16384 	 1 	 32 	 100 	 0.029047 	 0.056914  
16384 	 1 	 32 	 100 	 0.102307 	 0.204594  
16384 	 1 	 32 	 100 	 0.166973 	 0.337285  
16384 	 2 	 32 	 100 	 0.048359 	 0.072539  
16384 	 2 	 32 	 100 	 0.027272 	 0.048479  
16384 	 2 	 32 	 100 	 0.018757 	 0.035616  
16384 	 2 	 32 	 100 	 0.014338 	 0.028094  
16384 	 2 	 32 	 100 	 0.088038 	 0.176058  
16384 	 2 	 32 	 100 	 0.128831 	 0.260239  
16384 	 4 	 32 	 100 	 0.044583 	 0.066875  
16384 	 4 	 32 	 100 	 0.023124 	 0.041106  
16384 	 4 	 32 	 100 	 0.019138 	 0.036340  
16384 	 4 	 32 	 100 	 0.012300 	 0.024100  
16384 	 4 	 32 	 100 	 0.091423 	 0.182828  
16384 	 4 	 32 	 100 	 0.126238 	 0.255000  
16384 	 1 	 64 	 100 	 0.076793 	 0.115189  
16384 	 1 	 64 	 100 	 0.033725 	 0.059949  
16384 	 1 	 64 	 100 	 0.023814 	 0.045218  
16384 	 1 	 64 	 100 	 0.026255 	 0.051444  
16384 	 1 	 64 	 100 	 0.172883 	 0.345732  
16384 	 1 	 64 	 100 	 0.371095 	 0.749611  
16384 	 2 	 64 	 100 	 0.051971 	 0.077956  
16384 	 2 	 64 	 100 	 0.023812 	 0.042328  
16384 	 2 	 64 	 100 	 0.012351 	 0.023452  
16384 	 2 	 64 	 100 	 0.009116 	 0.017862  
16384 	 2 	 64 	 100 	 0.060372 	 0.120731  
16384 	 2 	 64 	 100 	 0.114931 	 0.232161  
16384 	 4 	 64 	 100 	 0.030765 	 0.046147  
16384 	 4 	 64 	 100 	 0.024138 	 0.042907  
16384 	 4 	 64 	 100 	 0.012493 	 0.023721  
16384 	 4 	 64 	 100 	 0.007499 	 0.014694  
16384 	 4 	 64 	 100 	 0.053298 	 0.106585  
16384 	 4 	 64 	 100 	 0.063447 	 0.128162  
